Solution found!
0 [6, 3, 8, 2, 7, 11, 0, 10, 9, 4, 5, 1], h(n) = 18
h [6, 3, 8, 2, 7, 11, 10, 0, 9, 4, 5, 1], h(n) = 17
c [6, 3, 0, 2, 7, 11, 10, 8, 9, 4, 5, 1], h(n) = 17
b [6, 0, 3, 2, 7, 11, 10, 8, 9, 4, 5, 1], h(n) = 16
e [6, 7, 3, 2, 0, 11, 10, 8, 9, 4, 5, 1], h(n) = 16
f [6, 7, 3, 2, 11, 0, 10, 8, 9, 4, 5, 1], h(n) = 16
k [6, 7, 3, 2, 11, 5, 10, 8, 9, 4, 0, 1], h(n) = 14
g [6, 7, 3, 2, 11, 5, 0, 8, 9, 4, 10, 1], h(n) = 14
j [6, 7, 3, 2, 11, 5, 4, 8, 9, 0, 10, 1], h(n) = 14
k [6, 7, 3, 2, 11, 5, 4, 8, 9, 10, 0, 1], h(n) = 12
l [6, 7, 3, 2, 11, 5, 4, 8, 9, 10, 1, 0], h(n) = 10
h [6, 7, 3, 2, 11, 5, 4, 0, 9, 10, 1, 8], h(n) = 12
g [6, 7, 3, 2, 11, 5, 0, 4, 9, 10, 1, 8], h(n) = 12
d [6, 7, 3, 0, 11, 5, 2, 4, 9, 10, 1, 8], h(n) = 12
h [6, 7, 3, 4, 11, 5, 2, 0, 9, 10, 1, 8], h(n) = 10
l [6, 7, 3, 4, 11, 5, 2, 8, 9, 10, 1, 0], h(n) = 8
g [6, 7, 3, 4, 11, 5, 0, 8, 9, 10, 1, 2], h(n) = 10
b [6, 0, 3, 4, 11, 5, 7, 8, 9, 10, 1, 2], h(n) = 10
f [6, 5, 3, 4, 11, 0, 7, 8, 9, 10, 1, 2], h(n) = 10
k [6, 5, 3, 4, 11, 1, 7, 8, 9, 10, 0, 2], h(n) = 8
g [6, 5, 3, 4, 11, 1, 0, 8, 9, 10, 7, 2], h(n) = 9
l [6, 5, 3, 4, 11, 1, 2, 8, 9, 10, 7, 0], h(n) = 7
k [6, 5, 3, 4, 11, 1, 2, 8, 9, 10, 0, 7], h(n) = 8
f [6, 5, 3, 4, 11, 0, 2, 8, 9, 10, 1, 7], h(n) = 10
e [6, 5, 3, 4, 0, 11, 2, 8, 9, 10, 1, 7], h(n) = 10
b [6, 0, 3, 4, 5, 11, 2, 8, 9, 10, 1, 7], h(n) = 8
g [6, 2, 3, 4, 5, 11, 0, 8, 9, 10, 1, 7], h(n) = 6
k [6, 2, 3, 4, 5, 11, 1, 8, 9, 10, 0, 7], h(n) = 6
f [6, 2, 3, 4, 5, 0, 1, 8, 9, 10, 11, 7], h(n) = 6
g [6, 2, 3, 4, 5, 1, 0, 8, 9, 10, 11, 7], h(n) = 4
b [6, 0, 3, 4, 5, 1, 2, 8, 9, 10, 11, 7], h(n) = 6
f [6, 1, 3, 4, 5, 0, 2, 8, 9, 10, 11, 7], h(n) = 6
a [0, 1, 3, 4, 5, 6, 2, 8, 9, 10, 11, 7], h(n) = 6
b [1, 0, 3, 4, 5, 6, 2, 8, 9, 10, 11, 7], h(n) = 4
g [1, 2, 3, 4, 5, 6, 0, 8, 9, 10, 11, 7], h(n) = 2
l [1, 2, 3, 4, 5, 6, 7, 8, 9, 10, 11, 0], h(n) = 0
